Please enter a test file followed by ENTER: Tests/top-spin-14-4-hard.txt
Instance                         Solved   Time     Nodes Expanded   Distance
-----------------------------------------------------------------------------
12 10 1 7 5 3 11 2 0 9 8 6 4 13  True   0.796982        582754          13
0 12 1 5 2 6 7 10 9 11 4 3 8 13  True   0.010039        7494            11
3 12 5 10 11 2 9 8 4 1 0 7 6 13  True   7.5e-05         50              8
9 6 0 11 3 5 10 7 12 8 2 1 4 13  True   0.074812        49074           12
0 7 5 6 12 9 8 2 4 11 1 3 10 13  True   0.032729        23249           11
12 11 1 5 6 0 10 8 3 7 4 9 2 13  True   0.097082        81741           11
4 0 11 9 3 2 12 8 10 1 6 5 7 13  True   0.07679         50635           12
12 3 4 11 10 2 8 0 7 6 1 5 9 13  True   0.008219        6689            11
10 5 12 11 8 2 6 7 0 3 9 1 4 13  True   0.143394        107167          12
7 3 9 6 1 4 11 5 2 8 0 10 12 13  True   0.00015         91              9
1 10 12 0 2 9 7 11 8 5 3 4 6 13  True   0.210203        138312          12
0 12 1 4 10 6 2 5 9 11 7 3 8 13  True   0.051225        34914           12
10 11 8 6 1 2 9 0 4 3 7 12 5 13  True   0.007023        5196            11
1 12 7 5 2 9 3 0 8 10 11 6 4 13  True   0.554407        396849          13
2 0 6 5 11 10 9 8 1 7 3 4 12 13  True   0.03005         26367           11
6 1 8 10 5 9 2 11 7 4 12 3 0 13  True   0.043955        31166           12
11 6 7 0 12 3 2 4 9 10 5 1 8 13  True   0.307759        236651          12
7 8 9 0 4 6 2 3 5 10 11 1 12 13  True   0.003127        1866            10
7 0 11 10 12 3 9 5 1 4 6 8 2 13  True   0.066311        39565           12
6 5 10 12 2 3 11 0 7 9 1 4 8 13  True   0.00208         1430            10
1 10 12 0 2 9 5 8 11 7 3 4 6 13  True   0.023872        18221           11
0 12 1 4 8 2 9 10 11 6 5 3 7 13  True   0.015363        11304           11
4 11 9 5 1 2 3 7 0 8 10 12 6 13  True   0.387457        269461          13
1 3 8 5 2 0 7 10 11 9 12 6 4 13  True   0.188601        135940          12
7 6 12 1 3 4 10 5 0 2 8 9 11 13  True   0.060027        41875           11
3 6 11 0 8 7 1 5 4 10 9 12 2 13  True   0.044225        30369           11
8 0 5 12 10 9 1 7 6 4 11 3 2 13  True   0.047332        33593           11
7 3 10 4 1 8 2 9 11 0 6 12 5 13  True   0.10222         55560           12
7 4 2 5 8 12 6 11 1 9 10 3 0 13  True   0.314741        223739          12
0 5 9 1 8 12 3 4 10 11 7 2 6 13  True   0.007596        5480            11
1 10 9 2 0 12 5 8 11 6 4 3 7 13  True   0.009154        6595            11
7 5 8 3 11 10 6 2 4 9 1 12 0 13  True   0.00986         7831            11
5 6 8 2 7 1 4 3 10 9 12 0 11 13  True   0.004689        2951            11
0 11 8 10 3 1 7 5 6 12 2 4 9 13  True   0.002182        1521            10
6 5 8 12 2 4 9 0 7 11 1 3 10 13  True   0.085216        56239           12
5 10 7 6 1 0 9 2 3 12 11 8 4 13  True   0.001347        679             10
12 11 5 9 6 4 7 1 10 2 0 8 3 13  True   0.309494        241729          12
10 9 7 4 12 8 1 6 11 5 3 2 0 13  True   0.08144         64688           12
0 1 3 10 9 7 5 4 11 12 8 2 6 13  True   0.042448        33764           11
6 0 9 11 3 8 5 2 7 12 10 4 1 13  True   0.06418         42986           12
1 10 9 2 0 12 5 8 3 4 6 11 7 13  True   0.07334         53692           12
7 5 9 6 11 3 8 2 4 10 1 12 0 13  True   0.098543        69222           12
2 3 6 12 4 8 1 7 9 10 5 0 11 13  True   0.114662        84292           12
0 11 1 4 3 9 2 12 5 8 7 6 10 13  True   0.000372        208             9
5 9 6 7 0 4 1 10 11 8 3 2 12 13  True   0.014918        11299           11
0 4 2 1 11 3 7 12 6 8 5 9 10 13  True   0.094428        68539           12
6 11 7 8 10 5 2 4 3 12 1 9 0 13  True   0.011581        7608            11
9 11 1 5 0 12 2 8 3 4 7 6 10 13  True   0.002412        1528            10
9 12 10 11 2 4 0 7 5 6 3 8 1 13  True   0.03244         26157           11
3 6 0 2 4 8 11 7 10 12 9 5 1 13  True   0.168923        113371          12
7 9 2 0 12 5 8 3 4 6 11 10 1 13  True   0.017796        12661           11
5 8 4 6 10 2 9 3 1 7 11 0 12 13  True   0.104113        67438           12
9 2 7 4 12 8 6 10 5 1 0 3 11 13  True   0.023749        16969           11
3 10 11 9 4 7 0 12 2 8 1 5 6 13  True   0.00046         261             10
8 0 12 4 3 11 10 7 6 2 9 1 5 13  True   0.027399        16466           11
4 10 6 9 11 2 3 0 5 12 8 7 1 13  True   0.010439        7288            11
3 6 11 12 5 4 10 0 2 8 7 1 9 13  True   0.006269        4949            10
0 1 12 2 4 11 5 6 7 3 9 10 8 13  True   0.002815        1977            10
12 10 11 4 2 7 6 9 5 1 8 0 3 13  True   0.109486        78438           12
6 9 3 11 4 1 10 12 2 8 0 7 5 13  True   0.854094        591752          13
0 12 5 8 6 11 10 2 1 4 3 9 7 13  True   0.222553        168172          12
5 3 4 8 9 1 6 10 11 0 12 7 2 13  True   0.011969        9829            11
4 10 12 5 7 2 8 3 11 6 9 1 0 13  True   0.000569        347             10
6 11 12 9 7 2 0 1 4 8 10 5 3 13  True   0.013235        10066           11
10 5 12 2 0 6 11 1 3 4 8 9 7 13  True   0.002877        2150            10
2 9 0 1 6 8 12 4 7 3 11 10 5 13  True   0.243223        182044          12
8 12 6 0 11 9 1 10 2 5 3 7 4 13  True   0.11968         72194           12
7 12 10 4 9 2 6 3 0 1 5 11 8 13  True   0.321914        200840          13
0 2 4 9 1 3 6 8 12 10 11 5 7 13  True   0.031089        20031           11
3 12 0 2 7 4 5 9 8 11 10 6 1 13  True   2.10803         1609377         13
8 7 9 10 11 6 1 4 3 0 2 12 5 13  True   0.002048        1493            10
7 6 10 4 12 1 5 9 11 3 8 2 0 13  True   0.043868        29233           12
8 4 6 0 5 9 12 10 2 3 11 1 7 13  True   0.006531        4613            11
0 4 12 1 3 9 8 5 2 11 7 10 6 13  True   0.020559        14396           11
0 8 1 9 11 4 6 7 12 2 10 5 3 13  True   0.097884        69064           12
11 2 8 4 1 0 12 7 3 6 5 10 9 13  True   0.436489        321617          12
8 9 4 6 3 7 0 12 5 11 1 10 2 13  True   0.102994        72966           12
6 8 7 3 1 12 2 11 9 0 10 5 4 13  True   0.05499         30373           12
9 0 11 5 2 4 8 12 10 1 6 3 7 13  True   0.075847        52384           12
12 4 2 10 5 9 7 3 1 11 8 6 0 13  True   0.074838        53666           12
5 3 0 8 7 9 10 11 6 2 12 4 1 13  True   0.029507        23514           11
11 2 1 12 4 0 7 9 10 3 5 8 6 13  True   0.073264        56434           12
0 8 4 12 11 5 9 2 7 6 10 3 1 13  True   0.012989        10707           11
9 0 12 5 2 4 3 8 11 1 10 7 6 13  True   0.033967        19594           12
1 2 10 11 3 9 8 4 5 6 12 0 7 13  True   0.00086         612             9
8 11 5 9 6 10 7 4 3 1 12 2 0 13  True   0.004766        3557            11
3 10 9 1 12 5 11 6 4 2 8 0 7 13  True   0.301348        204092          13
9 6 2 11 3 12 10 0 4 5 7 1 8 13  True   0.035718        24694           12
5 0 4 12 1 11 2 9 7 6 10 8 3 13  True   0.179978        118219          12
1 0 11 3 8 10 4 7 5 9 12 6 2 13  True   0.31582         220467          12
8 0 3 5 7 6 11 10 9 2 12 4 1 13  True   0.013723        11392           10
12 2 1 11 6 9 0 3 4 10 8 5 7 13  True   0.019864        14440           11
2 0 9 7 11 12 1 5 4 8 6 10 3 13  True   0.011384        8939            10
11 2 0 7 1 9 3 5 4 6 12 8 10 13  True   0.185119        126705          12
7 12 11 1 6 9 10 8 3 4 5 2 0 13  True   0.017831        13747           11
6 2 3 8 11 12 9 1 5 4 10 7 0 13  True   0.001554        996             10
10 12 6 7 11 3 9 8 0 1 5 4 2 13  True   0.010137        8275            11
12 8 3 0 1 6 9 11 4 7 10 5 2 13  True   0.074999        60421           11
5 12 6 0 10 2 4 11 9 7 3 1 8 13  True   0.005801        3695            11
11 2 9 8 1 4 0 12 3 7 5 6 10 13  True   0.066513        52001           12