Por favor, ingrese un archivo de prueba seguido de ENTER: ../Tests/15_puzzle_100_instances_korf.txt
Instancia                                Resuelto       Tiempo         Nodos Expandidos   Distancia
---------------------------------------------------------------------------------------------------
7 15 8 2 13 6 3 12 11 0 4 10 9 5 1 14    Verdadero       0.330715 ms     3417668                 53
14 13 15 7 11 12 9 5 6 0 2 1 4 8 10 3    Verdadero       9.32265 ms      82072060                57
13 5 4 10 9 12 8 14 2 3 7 1 0 15 11 6    Verdadero       2.79234 ms      26812146                55
14 7 8 2 13 11 10 4 9 12 5 0 3 6 1 15    Verdadero       23.6044 ms      190243584               59
5 12 10 7 15 11 14 0 8 2 1 13 3 4 9 6    Verdadero       2.94505 ms      26424556                56
4 7 14 13 10 3 9 12 11 5 6 15 1 2 8 0    Verdadero       0.876785 ms     8584236                 56
14 7 1 9 12 3 6 15 8 11 2 5 10 0 4 13    Verdadero       0.447516 ms     4318288                 52
2 11 15 5 13 4 6 7 12 8 10 1 9 3 14 0    Verdadero       5.38604 ms      47539422                52
12 11 15 3 8 0 4 2 6 13 9 5 14 1 10 7    Verdadero       1.33949 ms      13516404                50
3 14 9 11 5 4 8 2 13 12 6 7 10 1 15 0    Verdadero       0.09585 ms      1386856                 46
13 11 8 9 0 15 7 10 4 3 6 14 5 12 2 1    Verdadero       12.7866 ms      97299270                59
5 9 13 14 6 3 7 12 10 8 4 0 15 2 11 1    Verdadero       1.78773 ms      15617878                57
14 1 9 6 4 8 12 5 7 2 3 0 10 11 13 15    Verdadero       0.006544 ms     103074                  45
3 6 5 2 10 0 15 14 1 4 13 12 9 8 11 7    Verdadero       0.375527 ms     4750296                 46
7 6 8 1 11 5 14 10 3 4 9 13 15 2 0 12    Verdadero       19.4339 ms      147486372               59
13 11 4 12 1 8 9 15 6 5 14 2 7 3 10 0    Verdadero       18.2548 ms      134358062               62
1 3 2 5 10 9 15 6 8 14 13 11 12 4 7 0    Verdadero       0.383945 ms     5229290                 42