Please enter a test file followed by ENTER: Tests/top-spin-17-4-medium.txt
Instance                                         Solved   Time     Nodes Expanded   Distance
--------------------------------------------------------------------------------------------
0 7 3 4 1 2 13 8 9 14 11 10 5 12 6 15 16         True   2.78478         1607141         14
4 6 9 13 12 2 11 10 15 5 14 3 1 8 0 7 16         True   39.5016         21114173        16
6 7 9 5 4 14 12 13 15 1 2 0 11 10 8 3 16         True   7.36792         4506842         14
3 1 6 2 4 7 14 15 5 9 13 10 12 8 0 11 16         True   3.53749         1978574         14
14 5 15 9 7 6 0 8 3 13 4 11 2 12 10 1 16         True   1.14434         598334          14
15 0 7 10 4 6 12 8 11 5 9 14 2 1 13 3 16         True   0.240981        135676          13
4 10 1 11 8 13 7 14 3 2 5 9 15 6 0 12 16         True   8.15651         4458450         15
4 11 12 7 1 13 10 15 2 14 9 8 6 3 0 5 16         True   8.08313         4806220         15
3 11 7 4 9 0 1 14 6 10 5 8 15 12 2 13 16         True   19.3641         10331005        15
13 8 0 6 12 1 3 2 10 11 9 5 4 14 15 7 16         True   6.35911         3834378         15
0 12 2 1 6 8 3 4 7 5 11 9 14 15 10 13 16         True   0.854656        498299          13
7 9 13 12 2 11 10 15 5 14 3 1 8 0 6 4 16         True   15.0079         8903421         15
5 6 8 4 3 13 11 12 0 14 1 15 10 9 7 2 16         True   0.619261        379553          14
11 4 7 1 0 2 6 14 15 5 9 13 10 12 8 3 16         True   8.69837         4920333         15
4 1 12 3 11 2 0 10 8 7 14 5 9 15 13 6 16         True   12.8124         7103236         15
7 14 5 3 0 12 15 13 8 9 2 11 1 10 4 6 16         True   45.4247         24266588        16
8 13 4 11 2 10 14 1 9 7 6 0 15 3 5 12 16         True   0.522026        235569          14
5 6 3 4 0 8 11 7 9 14 13 1 10 2 12 15 16         True   4.53167         2339435         14
1 6 2 7 15 10 0 5 14 11 12 9 8 4 13 3 16         True   3.11369         1644002         14
12 3 15 4 9 8 10 14 11 6 5 1 0 2 7 13 16         True   18.234          9614005         15
3 15 10 1 2 5 14 6 12 11 8 9 7 0 4 13 16         True   6.87644         3709120         15
12 2 11 10 15 5 14 3 1 8 0 6 4 13 9 7 16         True   19.8872         10370916        15
1 5 3 8 10 0 2 9 15 11 14 12 7 6 4 13 16         True   33.6489         18412437        15
2 6 1 4 15 14 10 13 9 3 12 8 0 7 5 11 16         True   20.9357         10806313        15
1 14 6 0 7 4 8 12 3 15 13 5 2 11 10 9 16         True   15.8631         8342486         15
6 13 4 9 14 10 7 5 0 3 2 11 8 15 12 1 16         True   139.574         76733935        16
15 1 7 5 10 3 11 4 2 0 13 6 9 12 8 14 16         True   15.986          8701394         15
2 3 15 0 6 9 12 13 11 7 5 14 4 8 1 10 16         True   5.93316         3346782         15
6 2 5 13 12 10 3 9 4 14 0 11 15 7 8 1 16         True   17.6553         9579811         15
10 5 7 11 2 15 4 0 12 6 13 3 1 8 9 14 16         True   1.24958         659077          14
12 7 1 13 5 0 14 2 8 11 4 15 3 6 10 9 16         True   16.6887         8732308         15
12 2 11 10 15 6 3 14 5 0 8 1 4 13 9 7 16         True   27.7359         15038186        16
13 4 8 3 11 9 0 2 10 15 5 7 6 12 14 1 16         True   15.1165         7679114         15
12 14 1 2 4 10 11 9 15 8 6 0 5 7 3 13 16         True   17.1017         9047502         15
6 14 1 5 15 9 4 12 8 2 0 7 3 11 10 13 16         True   15.3305         7623041         15
10 4 0 13 8 2 9 7 5 14 12 6 1 15 11 3 16         True   9.88456         5160706         15
12 4 8 10 13 7 9 1 0 3 14 2 15 11 6 5 16         True   0.590492        291772          14
9 3 13 0 1 8 14 11 10 7 12 2 4 15 6 5 16         True   1.45754         716295          14
11 6 4 0 12 5 8 15 10 13 9 1 3 2 14 7 16         True   6.28622         3249989         15
13 6 5 4 14 15 1 7 9 10 12 8 3 0 2 11 16         True   2.57416         1375191         14
0 10 11 5 12 1 8 7 2 4 13 14 15 6 3 9 16         True   1.26111         561955          14
12 2 11 10 15 6 3 8 0 5 14 1 4 13 9 7 16         True   22.8507         11963199        16
1 14 4 9 3 2 0 8 11 7 15 5 10 6 12 13 16         True   0.068782        26676           12
13 1 2 3 8 11 12 10 0 9 6 15 14 4 5 7 16         True   16.854          9901824         15
14 11 6 1 5 12 9 4 15 8 2 0 7 3 10 13 16         True   20.678          11367200        15
11 5 2 1 6 14 3 9 8 10 13 7 4 12 0 15 16         True   23.5219         12828154        15
6 4 10 1 5 8 14 0 3 13 2 12 11 9 7 15 16         True   1.80541         963614          14
8 7 3 9 15 12 0 6 1 11 4 5 13 2 14 10 16         True   14.9991         7990895         15
1 15 10 5 7 2 3 14 0 6 9 11 8 12 4 13 16         True   73.5703         39184293        16
15 7 0 14 13 3 6 5 2 1 8 10 11 9 12 4 16         True   1.19208         706852          14
0 4 15 9 10 5 3 11 6 13 12 2 8 14 1 7 16         True   2.07761         1037220         14
7 9 13 12 2 11 10 15 6 3 8 0 5 14 1 4 16         True   2.76974         1399613         15
4 1 7 12 6 5 3 0 10 14 11 15 9 13 8 2 16         True   26.9058         14932681        15
12 4 11 10 5 1 2 3 7 13 14 9 0 8 6 15 16         True   9.07384         5067454         14
5 9 15 4 10 2 13 6 12 3 11 0 8 7 14 1 16         True   19.125          9927369         16
11 6 9 8 0 14 7 13 15 5 4 10 3 12 1 2 16         True   23.4723         12902750        15
8 1 4 6 3 7 9 5 2 12 0 15 13 14 10 11 16         True   17.7252         9563841         15
10 15 5 11 13 4 0 12 6 2 9 1 14 7 8 3 16         True   18.3269         9412773         15
0 8 7 10 1 5 13 4 3 9 15 6 12 14 11 2 16         True   11.9001         6173179         15
12 13 11 0 5 2 4 10 14 1 6 9 3 7 8 15 16         True   4.61262         2593834         14
2 6 14 15 1 11 5 0 3 10 8 4 9 7 12 13 16         True   1.02478         554837          13
7 9 13 12 2 15 6 3 11 10 8 0 5 14 1 4 16         True   1.05439         569356          14
12 15 0 2 1 11 14 10 7 13 4 9 6 5 8 3 16         True   66.5999         36904766        16
3 14 1 5 0 2 9 15 7 12 6 11 10 8 4 13 16         True   38.294          20053888        15
11 1 0 12 9 15 8 2 14 6 3 10 13 7 4 5 16         True   7.54949         3923538         15
1 15 3 5 9 8 6 10 13 12 14 11 4 7 0 2 16         True   48.4936         27205266        15
5 4 10 6 15 3 12 9 2 7 14 1 11 0 13 8 16         True   41.7699         21933102        16
10 2 6 1 0 14 15 7 5 11 4 8 9 12 13 3 16         True   0.185327        100293          13
14 7 5 4 15 2 10 12 6 13 0 8 9 11 3 1 16         True   7.60021         4275297         15
15 13 0 11 14 9 6 12 5 10 3 7 1 8 4 2 16         True   8.49119         4836454         15
14 13 8 1 9 3 4 10 12 5 6 7 15 2 0 11 16         True   12.1314         6794875         15
7 2 12 13 9 15 6 3 11 10 8 0 5 14 1 4 16         True   3.72388         2037384         15
0 15 8 2 3 4 13 1 14 9 10 7 12 5 6 11 16         True   1.71063         929505          14
14 8 5 13 7 11 0 3 6 15 12 1 9 10 2 4 16         True   4.11898         2137261         15
0 5 13 12 14 9 1 4 15 3 2 10 7 6 8 11 16         True   9.07655         5431244         14
3 7 2 11 4 5 12 13 8 1 6 0 14 15 9 10 16         True   0.828379        491891          14
8 9 13 7 0 10 15 4 2 11 6 5 14 3 1 12 16         True   5.02421         2747802         15
1 2 3 10 14 5 7 15 0 6 11 9 4 12 8 13 16         True   7.46305         4058545         15
3 8 12 0 14 1 13 5 7 11 10 9 6 4 2 15 16         True   14.1403         7674428         15
2 1 7 15 3 6 8 4 0 5 11 14 10 9 13 12 16         True   1.19196         701329          13
6 0 13 1 3 5 9 14 11 2 8 12 7 10 15 4 16         True   83.9925         46101968        16
7 2 12 13 9 15 6 3 11 10 8 14 5 0 4 1 16         True   16.3187         9374571         15
0 14 4 3 2 8 15 9 10 11 1 6 5 12 7 13 16         True   4.25363         2267855         14
5 8 1 11 3 13 15 10 12 0 4 2 6 14 9 7 16         True   6.52017         3606056         15
3 9 0 13 2 14 4 7 11 8 6 1 10 5 12 15 16         True   3.65796         1979355         15
15 11 8 9 7 13 4 12 10 2 3 6 14 0 5 1 16         True   20.1517         11617162        15
14 6 15 11 3 2 0 4 8 12 9 1 5 13 7 10 16         True   4.87117         2831264         14
7 2 1 15 10 13 11 14 9 6 5 8 0 12 4 3 16         True   7.37225         4270238         15
13 0 4 14 12 8 15 1 5 3 11 10 9 7 6 2 16         True   2.67518         1639081         14
10 0 1 12 3 13 8 15 9 11 4 7 6 5 2 14 16         True   26.399          14487400        16
4 13 3 7 11 9 5 12 6 15 8 14 10 0 1 2 16         True   1.59388         907097          14
13 12 2 7 9 11 3 6 15 10 8 14 5 0 4 1 16         True   20.3843         11537789        15
8 1 5 14 12 0 4 15 9 10 11 2 7 13 6 3 16         True   5.53768         3111050         15
2 1 6 8 10 9 3 12 5 0 11 13 4 15 14 7 16         True   2.96743         1639932         14
14 6 4 8 5 1 2 10 11 9 12 15 7 13 0 3 16         True   18.6259         10043911        15
8 5 1 10 14 12 11 3 15 4 2 0 13 6 9 7 16         True   125.513         73120513        16
10 5 3 8 13 14 11 1 2 12 6 0 15 7 4 9 16         True   4.88601         2807011         15
14 6 8 4 11 5 3 1 13 15 12 9 10 7 0 2 16         True   57.8795         32556768        16
15 5 0 14 8 12 6 7 11 3 4 1 13 9 10 2 16         True   8.1935          4316680         15
13 10 9 2 8 4 7 15 1 5 0 12 11 14 6 3 16         True   10.8702         5900310         15
7 3 14 2 12 6 10 0 11 8 13 9 1 4 5 15 16         True   1.13728         587868          14