Please enter a test file followed by ENTER: Tests/top-spin-12-4-medium.txt
Instance                         Solved   Time     Nodes Expanded   Distance
-----------------------------------------------------------------------------
2 6 5 0 4 7 8 3 9 10 1 11        True   1.9e-05         9               8
1 7 5 6 10 0 4 3 9 8 2 11        True   3.5e-05         15              9
3 9 10 5 0 6 8 1 2 4 7 11        True   0.000126        50              9
9 10 1 4 8 3 2 6 7 5 0 11        True   0.000642        331             10
2 6 3 1 9 7 4 10 8 0 5 11        True   3.1e-05         19              9
7 5 4 0 6 8 3 2 10 1 9 11        True   0.00018         101             10
3 10 2 5 8 6 4 1 0 9 7 11        True   7.1e-05         44              10
8 7 5 2 3 1 10 0 9 6 4 11        True   2.6e-05         17              9
8 5 1 7 2 0 10 6 9 3 4 11        True   6.4e-05         38              10
9 5 8 10 2 7 3 4 1 0 6 11        True   5.1e-05         33              9
6 3 8 7 0 5 10 9 2 1 4 11        True   6e-06           8               8
1 7 5 6 3 4 0 10 9 8 2 11        True   7.3e-05         42              9
6 10 9 3 0 2 1 8 5 7 4 11        True   1.5e-05         12              9
3 2 4 5 0 1 7 6 8 10 9 11        True   0.003505        2547            10
1 7 10 5 2 9 8 6 3 0 4 11        True   0.000121        72              10
5 1 8 3 10 4 6 7 9 0 2 11        True   3.9e-05         25              9
7 1 10 9 8 2 0 4 3 6 5 11        True   1.2e-05         11              8
9 8 5 6 2 1 0 7 10 3 4 11        True   2e-05           14              8
7 10 0 1 4 2 3 9 6 8 5 11        True   0.000436        274             10
8 9 1 10 5 7 0 3 4 6 2 11        True   6e-06           6               6
1 7 4 8 9 0 10 2 3 6 5 11        True   2.6e-05         19              9
6 5 7 1 3 4 0 10 9 8 2 11        True   8.5e-05         58              9
0 3 1 2 4 7 5 8 9 10 6 11        True   1.7e-05         15              9
2 10 9 7 3 1 8 6 4 5 0 11        True   2.3e-05         20              9
1 8 5 6 3 2 9 4 7 10 0 11        True   0.000133        80              10
1 0 5 10 7 4 9 3 2 8 6 11        True   0.000151        96              10
5 2 8 9 4 6 7 3 0 1 10 11        True   2.7e-05         20              8
3 2 8 5 1 10 0 7 6 4 9 11        True   0.000336        192             10
3 7 9 1 6 10 5 4 0 2 8 11        True   8.9e-05         60              10
7 6 8 5 3 10 1 9 4 0 2 11        True   2e-05           15              9
5 9 1 2 6 0 3 10 8 4 7 11        True   0.000143        92              10
6 5 7 1 3 9 10 0 4 8 2 11        True   1.7e-05         16              9
2 1 6 4 0 3 8 5 9 10 7 11        True   7.1e-05         38              9
7 0 5 9 10 1 8 6 3 2 4 11        True   0.000529        407             10
4 7 1 5 10 8 2 6 0 3 9 11        True   1.5e-05         10              9
10 4 0 9 1 8 2 3 6 7 5 11        True   0.000273        164             10
9 8 10 3 2 0 4 6 1 7 5 11        True   0.000312        195             10
6 8 4 10 1 2 0 7 3 5 9 11        True   0.000286        192             10
6 9 0 8 2 3 1 10 7 4 5 11        True   0.000137        90              9
8 1 7 2 4 6 5 10 3 0 9 11        True   2.5e-05         13              9
0 4 7 10 5 6 9 2 1 8 3 11        True   2.2e-05         15              9
1 7 5 6 3 9 10 0 4 8 2 11        True   5.8e-05         39              10
7 6 8 0 3 4 5 9 10 2 1 11        True   8e-06           7               7
8 0 9 7 2 5 1 4 3 10 6 11        True   4.8e-05         30              10
9 8 3 7 2 10 0 6 5 4 1 11        True   0.00035         215             10
9 6 1 4 0 10 2 8 5 3 7 11        True   8.6e-05         43              10
10 0 4 2 6 5 3 9 8 7 1 11        True   0.000209        107             10
2 10 0 5 8 4 6 9 1 7 3 11        True   0.000495        298             11
7 6 9 1 8 0 3 4 10 2 5 11        True   2.7e-05         20              9
4 3 10 2 6 0 7 8 1 9 5 11        True   8e-06           9               9
2 5 9 1 0 7 10 4 6 8 3 11        True   7e-06           9               9
2 8 7 5 6 3 9 10 0 4 1 11        True   1.9e-05         14              9
8 7 5 4 10 9 6 2 3 0 1 11        True   1e-05           10              8
8 10 5 9 0 2 7 4 3 1 6 11        True   0.000499        336             10
7 6 9 3 10 0 5 8 1 2 4 11        True   7.6e-05         46              9
2 7 1 5 0 3 10 9 4 6 8 11        True   6.8e-05         46              9
9 4 2 8 1 3 7 0 6 5 10 11        True   0.000124        71              9
0 6 4 7 5 10 2 9 3 8 1 11        True   4.7e-05         30              10
7 1 10 8 6 9 5 2 4 3 0 11        True   3e-05           20              9
3 10 1 6 5 2 0 4 9 8 7 11        True   5e-06           7               7
10 7 4 2 9 1 8 5 0 6 3 11        True   2.5e-05         19              9
2 8 7 5 10 9 3 6 0 4 1 11        True   5.5e-05         34              10
1 0 3 8 4 9 10 7 6 5 2 11        True   9.9e-05         62              9
10 8 3 1 9 4 7 6 5 0 2 11        True   1.3e-05         11              8
2 10 4 6 1 8 9 3 5 0 7 11        True   0.000132        86              10
6 4 2 8 3 9 1 10 7 0 5 11        True   0.000132        83              10
1 7 6 4 8 9 3 2 5 10 0 11        True   8e-06           9               8
2 9 10 0 4 8 5 7 6 1 3 11        True   8e-06           9               8
3 8 5 7 9 10 0 1 4 6 2 11        True   9.4e-05         61              10
3 5 2 1 0 7 4 9 8 6 10 11        True   7e-06           7               7
10 3 8 1 4 7 6 9 0 2 5 11        True   0.000151        99              9
8 3 0 1 4 10 9 7 5 6 2 11        True   3.5e-05         25              9
10 7 4 5 6 3 1 2 9 8 0 11        True   6e-06           7               7
3 0 1 10 6 8 2 7 5 4 9 11        True   6.4e-05         41              9
0 3 9 1 5 2 7 4 10 8 6 11        True   0.000134        88              10
8 3 6 1 5 2 9 7 0 4 10 11        True   2.1e-05         16              9
2 4 9 6 0 8 7 5 10 3 1 11        True   2.5e-05         18              10
7 8 5 2 10 6 3 4 1 0 9 11        True   9e-06           9               8
2 9 5 8 7 3 0 1 4 10 6 11        True   2.1e-05         15              9
9 0 1 6 4 7 3 8 5 2 10 11        True   0.000254        164             10
2 8 3 6 5 7 9 10 0 4 1 11        True   0.000102        64              10
7 9 6 2 8 4 0 1 3 10 5 11        True   2.1e-05         19              9
6 2 3 4 8 0 1 9 5 7 10 11        True   1.4e-05         12              8
5 3 8 7 10 1 4 0 9 6 2 11        True   6e-05           43              10
0 7 9 6 5 4 2 10 8 1 3 11        True   0.000503        341             10
2 8 6 9 0 10 4 7 5 1 3 11        True   0.000155        91              10
9 4 6 1 7 0 8 5 2 10 3 11        True   0.000445        277             11
0 1 7 9 6 8 3 10 5 4 2 11        True   1.2e-05         10              8
6 3 1 8 5 0 2 10 4 7 9 11        True   0.000131        81              10
8 2 7 4 9 6 5 0 3 10 1 11        True   0.000369        238             10
1 4 8 3 6 5 7 9 10 0 2 11        True   0.000267        171             10
8 1 7 3 4 0 5 9 2 10 6 11        True   0.00012         74              10
10 8 7 4 9 6 3 2 0 1 5 11        True   4.2e-05         28              9
10 4 3 6 5 0 7 9 1 2 8 11        True   1.9e-05         13              8
0 7 4 3 9 5 1 10 8 6 2 11        True   9e-06           9               8
4 3 1 5 7 0 8 6 2 9 10 11        True   4.9e-05         31              9
0 10 2 7 4 8 1 6 9 5 3 11        True   7e-06           8               8
3 4 7 9 0 2 5 6 8 1 10 11        True   2.5e-05         18              9
10 4 1 9 3 7 6 2 8 0 5 11        True   1e-05           10              8
3 0 8 1 4 6 5 9 2 7 10 11        True   8.2e-05         55              9