Por favor, ingrese un archivo de prueba seguido de ENTER: Tests/top-spin-14-4-easy.txt
Instancia                        Resuelto         Tiempo     Nodos Expandidos   Distancia
----------------------------------------------------------------------------------------
0 4 5 6 7 8 12 11 10 9 1 2 3 13  Verdadero       4.7e-05 ms      14              3
0 10 2 3 12 9 5 4 11 1 6 7 8 13  Verdadero       4.3e-05 ms      12              5
12 2 10 0 3 4 5 6 7 11 1 8 9 13  Verdadero       3.8e-05 ms      12              5
4 0 3 2 5 1 6 7 8 12 11 10 9 13  Verdadero       0.000153 ms     92              5
8 9 12 11 1 2 3 4 5 6 7 10 0 13  Verdadero       1.9e-05 ms      8               3
6 10 1 4 5 9 2 3 8 7 12 11 0 13  Verdadero       2.8e-05 ms      12              5
4 3 2 7 6 5 12 8 9 10 11 1 0 13  Verdadero       1.9e-05 ms      8               3
8 7 3 4 9 10 11 12 2 6 5 1 0 13  Verdadero       2.5e-05 ms      12              5
4 6 7 8 3 11 10 9 2 12 5 1 0 13  Verdadero       0.000114 ms     74              5
3 4 8 7 6 5 9 10 11 0 1 2 12 13  Verdadero       2.5e-05 ms      8               3
3 2 4 5 6 7 8 12 11 10 9 1 0 13  Verdadero       3.5e-05 ms      22              4
9 3 4 0 10 6 5 8 7 2 1 11 12 13  Verdadero       5.3e-05 ms      14              6
2 3 1 0 12 8 4 5 6 9 10 11 7 13  Verdadero       0.000159 ms     170             6
0 10 9 12 11 3 4 5 1 2 6 7 8 13  Verdadero       4e-05 ms        46              4
7 11 2 5 6 10 3 4 9 8 0 1 12 13  Verdadero       3.8e-05 ms      14              6
7 6 5 12 8 9 10 11 1 0 2 3 4 13  Verdadero       1.8e-05 ms      10              4
5 4 7 6 1 10 9 8 0 3 2 11 12 13  Verdadero       0.000113 ms     106             6
5 4 8 9 2 12 11 10 1 0 6 7 3 13  Verdadero       2.2e-05 ms      16              4
9 10 7 6 5 3 2 1 4 8 12 11 0 13  Verdadero       0.000142 ms     156             6
0 7 8 4 3 6 5 1 2 9 10 11 12 13  Verdadero       0.0001 ms       120             6
3 6 5 4 2 7 8 12 11 10 9 1 0 13  Verdadero       2.7e-05 ms      32              5
12 1 0 10 6 5 8 11 4 3 7 2 9 13  Verdadero       2.9e-05 ms      16              7
6 7 12 0 10 2 11 3 4 5 9 8 1 13  Verdadero       2.6e-05 ms      16              7
9 10 0 7 3 2 1 6 5 12 11 8 4 13  Verdadero       2.9e-05 ms      30              5
4 5 1 6 2 3 0 7 8 9 10 11 12 13  Verdadero       1.1e-05 ms      8               3
8 7 10 9 4 2 12 11 3 6 5 1 0 13  Verdadero       4.1e-05 ms      40              7
5 4 8 9 2 12 11 10 1 3 7 6 0 13  Verdadero       3.9e-05 ms      58              5
12 11 7 6 5 3 2 8 9 10 1 4 0 13  Verdadero       0.000473 ms     756             7
12 0 10 11 9 3 6 5 1 2 7 8 4 13  Verdadero       0.000104 ms     142             7
12 2 1 6 5 4 3 7 11 10 9 8 0 13  Verdadero       1.5e-05 ms      12              5
0 1 5 6 3 9 4 2 7 8 12 11 10 13  Verdadero       4.3e-05 ms      58              7
3 4 2 12 0 10 5 9 8 6 7 1 11 13  Verdadero       0.002412 ms     3472            9
8 9 12 11 3 4 6 2 1 0 10 7 5 13  Verdadero       0.000274 ms     548             7
3 2 6 0 7 8 9 10 11 12 1 4 5 13  Verdadero       2.3e-05 ms      28              5
6 8 9 10 1 11 2 3 0 12 7 4 5 13  Verdadero       0.005002 ms     9080            9
12 2 6 5 9 7 8 4 10 11 0 1 3 13  Verdadero       2.2e-05 ms      16              7
12 0 7 8 11 3 6 5 1 2 9 10 4 13  Verdadero       0.001434 ms     2292            9
0 8 9 6 1 2 12 5 4 3 7 11 10 13  Verdadero       2.1e-05 ms      16              7
5 6 9 0 4 8 12 1 7 11 10 2 3 13  Verdadero       0.00171 ms      3366            9
0 1 7 6 5 2 11 4 3 9 10 8 12 13  Verdadero       0.000157 ms     226             7
0 1 5 6 3 9 8 7 2 4 12 11 10 13  Verdadero       0.000183 ms     246             8
3 12 0 10 4 2 5 6 7 9 8 1 11 13  Verdadero       0.007804 ms     11440           10
3 7 9 1 2 6 12 11 5 4 0 10 8 13  Verdadero       9e-05 ms        86              8
9 8 7 6 10 11 1 0 2 12 5 3 4 13  Verdadero       1.9e-05 ms      14              6
8 3 2 9 10 11 12 5 1 4 6 7 0 13  Verdadero       1.7e-05 ms      14              6
12 1 7 6 5 2 3 11 4 8 9 10 0 13  Verdadero       0.001539 ms     3702            8
3 1 0 5 4 11 2 6 10 9 8 7 12 13  Verdadero       0.000572 ms     876             8
1 0 6 12 2 5 9 7 8 4 11 10 3 13  Verdadero       0.009238 ms     15042           10
0 1 10 6 5 2 11 4 3 8 7 9 12 13  Verdadero       0.000167 ms     222             8
12 11 6 5 1 2 3 4 7 8 9 0 10 13  Verdadero       1.7e-05 ms      14              6
10 5 6 3 9 8 7 2 4 12 11 1 0 13  Verdadero       0.0028 ms       4606            9
10 11 0 12 4 1 3 9 5 6 8 7 2 13  Verdadero       0.18819 ms      450810          11
3 2 10 9 4 0 1 5 8 11 12 6 7 13  Verdadero       9.2e-05 ms      70              7
10 5 2 12 8 1 4 3 6 0 9 7 11 13  Verdadero       8.6e-05 ms      64              9
12 3 6 5 9 7 8 1 4 0 11 10 2 13  Verdadero       0.001984 ms     3132            9
6 3 8 11 5 9 10 2 1 4 7 0 12 13  Verdadero       0.238882 ms     479322          11
0 7 8 12 3 9 10 11 2 1 5 4 6 13  Verdadero       0.010512 ms     25896           9
6 5 2 12 8 10 11 1 4 3 7 9 0 13  Verdadero       4.8e-05 ms      58              7
12 11 7 8 1 2 3 4 0 5 9 10 6 13  Verdadero       0.008547 ms     19822           9
7 12 2 1 8 9 0 10 11 4 3 5 6 13  Verdadero       0.001188 ms     1500            9
10 5 12 0 6 3 9 8 7 11 1 2 4 13  Verdadero       0.003665 ms     5438            10
2 7 12 0 3 6 9 10 1 5 4 11 8 13  Verdadero       0.236019 ms     428260          11
10 1 0 2 6 3 5 12 7 4 11 8 9 13  Verdadero       0.138877 ms     328136          11
12 4 10 9 5 8 7 2 6 11 0 1 3 13  Verdadero       0.000447 ms     502             9
5 8 7 12 0 1 3 2 6 10 4 11 9 13  Verdadero       0.028666 ms     47058           11
5 6 2 12 11 7 1 4 3 9 8 10 0 13  Verdadero       0.003283 ms     6080            9
1 2 3 4 9 0 11 5 12 8 7 6 10 13  Verdadero       0.001718 ms     2510            9
3 0 9 8 4 12 2 10 5 6 11 7 1 13  Verdadero       0.313174 ms     501356          11
9 3 11 6 0 12 8 7 1 10 2 4 5 13  Verdadero       2.6e-05 ms      16              7
3 4 5 6 10 7 11 12 2 8 9 0 1 13  Verdadero       1.9e-05 ms      16              7
6 10 0 12 3 5 9 8 7 4 2 1 11 13  Verdadero       0.048402 ms     80940           11
4 5 11 12 0 10 7 3 9 8 6 1 2 13  Verdadero       0.036444 ms     72474           10
0 3 5 12 11 2 9 7 10 1 4 6 8 13  Verdadero       4.11396 ms      9513128         12
1 3 2 12 0 11 9 6 10 4 7 8 5 13  Verdadero       0.330866 ms     561608          12
12 9 11 2 1 10 6 5 4 3 8 0 7 13  Verdadero       0.002417 ms     3150            10
7 4 9 0 10 12 6 8 11 1 2 3 5 13  Verdadero       0.270031 ms     476588          11
5 4 7 9 3 11 6 0 10 2 8 12 1 13  Verdadero       0.006334 ms     9260            10
3 10 7 2 6 4 0 1 5 8 12 11 9 13  Verdadero       0.013253 ms     25108           10
5 1 12 4 7 3 2 10 9 8 11 6 0 13  Verdadero       0.116838 ms     276944          11
6 10 2 3 1 9 5 8 7 4 12 11 0 13  Verdadero       0.138649 ms     297224          11
11 1 10 0 12 3 5 9 8 7 4 2 6 13  Verdadero       0.009721 ms     20312           10
12 8 4 10 0 1 9 7 2 3 11 6 5 13  Verdadero       0.135138 ms     284316          11
9 4 12 5 8 1 10 6 2 7 11 0 3 13  Verdadero       0.147312 ms     391870          11
3 4 7 1 0 8 9 6 5 10 2 12 11 13  Verdadero       0.002373 ms     2846            9
8 4 10 9 2 12 3 1 6 7 5 11 0 13  Verdadero       0.065911 ms     107768          10
7 0 3 9 12 8 11 6 10 1 2 5 4 13  Verdadero       0.023641 ms     53044           11
10 1 7 0 2 4 12 11 3 5 9 8 6 13  Verdadero       0.343476 ms     698420          11
3 6 11 5 7 4 12 9 8 0 2 10 1 13  Verdadero       0.225123 ms     537068          11
5 8 4 2 6 10 12 0 9 7 11 1 3 13  Verdadero       0.547509 ms     1034640         12
12 8 10 4 5 1 6 0 11 3 9 2 7 13  Verdadero       0.080626 ms     144304          11
7 4 11 1 10 0 12 3 5 9 8 2 6 13  Verdadero       0.072396 ms     128646          11
1 2 3 0 9 4 5 11 8 12 10 6 7 13  Verdadero       0.003186 ms     5016            9
2 4 11 0 12 1 6 7 3 9 5 10 8 13  Verdadero       0.13094 ms      190772          12
0 10 1 7 6 2 12 11 4 3 9 5 8 13  Verdadero       0.016768 ms     33640           10
7 4 9 0 10 12 6 8 11 5 3 2 1 13  Verdadero       0.3194 ms       555416          12
6 0 9 8 2 7 4 5 10 1 11 12 3 13  Verdadero       0.072416 ms     131820          11
11 4 6 5 1 9 0 10 8 2 7 3 12 13  Verdadero       0.274398 ms     397100          12
4 9 1 6 11 8 3 7 5 2 0 10 12 13  Verdadero       0.109599 ms     219514          11
2 8 6 12 5 4 3 11 1 0 7 9 10 13  Verdadero       0.007618 ms     12312           10
9 7 11 1 10 4 5 8 6 12 0 3 2 13  Verdadero       9.17054 ms      17156536        13